10 0 4
10 0.05 6
10 0.1 5
10 0.15 6
10 0.2 8
10 0.25 7
10 0.3 6
60 0 21
60 0.05 12
60 0.1 8
60 0.15 -1
60 0.2 -1
60 0.25 -1
60 0.3 -1
110 0 21
110 0.05 12
110 0.1 -1
110 0.15 -1
110 0.2 4
110 0.25 -1
110 0.3 2
160 0 13
160 0.05 8
160 0.1 -1
160 0.15 2
160 0.2 2
160 0.25 2
160 0.3 2
210 0 8
210 0.05 -1
210 0.1 -1
210 0.15 2
210 0.2 2
210 0.25 2
210 0.3 2
260 0 11
260 0.05 7
260 0.1 2
260 0.15 2
260 0.2 2
260 0.25 2
260 0.3 2
310 0 12
310 0.05 -1
310 0.1 2
310 0.15 2
310 0.2 2
310 0.25 2
310 0.3 2
360 0 11
360 0.05 -1
360 0.1 2
360 0.15 2
360 0.2 2
360 0.25 2
360 0.3 2
410 0 11
410 0.05 -1
410 0.1 2
410 0.15 2
410 0.2 2
410 0.25 2
410 0.3 2
460 0 13
460 0.05 2
460 0.1 2
460 0.15 2
460 0.2 2
460 0.25 2
460 0.3 2
